P0: 640. 0. 640. 0. 0. 640 360. 0. 0. 0. 1. 0.        
P1: 640.0 640.0000000000001 0.0 -320.00000000000006 360.0 0.0 -640.0000000000001 0.0 1.0 10.0 0.0 0.0 
R0_rect: 1 0 0 0 1 0 0 0 1
Tr_velo_to_cam: 0 -1 0 0 0 0 -1 0 1 0 0 0
