P0: 960. 0. 960. 0. 0. 960 540. 0. 0. 0. 1. 0.        
P1: 960.0 960.0000000000001 0.0 -480.00000000000006 540.0 0.0 -960.0000000000001 0.0 1.0 10.0 0.0 0.0 
R0_rect: 1 0 0 0 1 0 0 0 1
Tr_velo_to_cam: 0 -1 0 0 0 0 -1 0 1 0 0 0
